525192
533789
533979
534015
534230
534248
534361
534485
534486
534579
534769
535092
535385
535410
535481
535507
535509
535667
535807
535857
536443
536447
536499
536761
537161
537197
537280
537377
537461
537546
537959
538116
538271
538301
539078
539131
539326
539569
539630
539689
539725
539991
540226
540389
540530
540618
540722
541052
541218
541319
541645
541752
541788
541813
541835
542029
542034
542044
542429
542532
542633
542641
542671
542814
542878
542973
542997
543284
543298
543482
543665
543820
543962
544391
544523
544556
544890
545087
545133
545264
545560
545693
545752
545809
545970
545991
546279
546332
546516
546843
546928
547506
547559
547654
547916
547965
548252
548305
548412
548423
548543
548577
548628
548863
548898
549438
549482
549852
549881
549885
550142
550147
550217
550281
550690
550940
551341
551428
551598
551745
551803
551844
552587
552717
552981
553073
553284
553752
553914
554101
554250
554272
554400
554421
554427
554549
554587
554775
554799
555381
555402
555414
555485
556031
556060
556078
556139
556143
556196
556244
556639
556696
556711
556742
556799
556858
556936
557039
557181
557206
557377
557381
557469
557489
557550
557608
557612
557637
557659
557861
557904
557958
558010
558080
558110
558180
558607
558622
558632
558647
558972
559088
559656
559769
560011
560096
560137
560177
560192
560370
560375
560500
560534
560538
560789
560810
560951
561103
561849
561900
562202
562616
562623
562667
562757
562904
563293
563663
563949
563957
563978
564105
564139
564156
564163
564537
564633
564746
564752
564838
564865
564877
565156
565270
565295
565772
566143
566147
566323
566469
566507
566817
566833
566896
566974
567212
567481
567485
567535
567562
567748
567819
568115
568238
568246
568659
568871
568914
569030
569166
569327
569561
569627
569756
570131
570461
570550
570653
570727
570774
570790
570818
571401
571481
571491
571554
571841
572264
572507
572568
572618
572838
573067
573107
573429
573468
573593
573608
573786
573998
574036
574365
574367
574583
574586
574616
574672
574719
574780
574786
574925
575090
575292
575386
575437
575616
575753
576025
576143
576364
576470
576644
576693
576741
576957
577276
577277
577361
577390
577486
577521
577589
577668
577737
577822
577918
578120
578160
578242
578362
578693
578888
579135
579149
579429
579627
579782
580053
580085
580157
580270
580393
580753
580839
581248
581387
581665
581716
581954
581986
582083
582141
582224
582252
582348
582562
583001
583007
583117
583138
583373
583481
583561
583565
583841
583984
584229
584608
584645
584792
584963
585025
585040
585055
585272
585367
585480
585613
585710
585805
585855
585947
586093
586118
586137
586162
586302
586560
586614
586703
587136
587169
587299
587383
587417
587418
587440
587527
587603
587811
587860
587887
588341
588354
588596
588705
588880
588888
588949
589076
589453
589625
590102
590269
590382
590990
591108
592509
593156
593833
594002
594106
594248
594342
594425
594524
594913
594948
594986
595224
595378
595782
595840
596175
596225
596310
596316
597150
597582
597640
597692
597843
597934
598097
598198
598323
598440
598463
598514
598585
598872
598949
599015
599290
599337
599353
599792
599793
599799
599851
599856
599960
600064
600112
600409
601129
601131
601146
601265
601298
601384
601428
601651
602003
602014
602682
602775
602779
602815
602896
603335
603354
603375
603550
603603
603644
603763
603770
603854
603935
604086
604112
604173
604370
604424
604542
604967
605087
605170
605210
605367
605556
605670
605776
605784
605802
605962
605994
606184
606249
606272
606306
606870
606888
606996
607045
607108
607279
607295
607321
607620
607729
607769
607955
608055
608485
608708
609016
609018
609263
609274
609298
609450
609520
609844
609856
609888
610040
610046
610631
610677
610952
611075
611079
611141
611231
612586
612840
613082
613154
613344
613411
613609
613696
613886
613952
613976
614004
614030
614136
614269
614330
614384
614577
615016
615022
615057
615219
615566
615640
615714
615820
616121
616137
616162
616273
616289
616510
616586
616592
616633
616758
616771
616835
617240
617282
617810
617892
617984
618108
618172
618356
618468
618759
618927
619238
619321
619327
619897
619973
620174
620231
620767
620775
620882
620889
620945
620981
620985
621005
621780
621835
621844
622387
622610
623045
623144
623173
623268
623456
623689
624163
624591
624978
624999
625088
625184
625257
625525
625562
625781
625909
626051
626057
626122
626287
626506
626641
626643
626717
626839
626843
626941
626961
627047
627114
627682
627707
628037
628162
628386
628520
628548
628573
629111
629357
629441
629528
629639
629701
630069
630110
630345
630640
630664
630887
631132
631269
631478
631519
631900
631985
632115
632540
632754
632858
632889
632998
633142
633496
634367
634523
634604
634632
634734
634758
634771
634938
635259
635318
635339
635436
635915
635955
635959
635969
636099
636338
636399
636502
636513
636594
636838
636987
637004
637163
637370
637454
637482
637620
637984
638114
638406
638413
638592
638626
638750
638803
638925
638941
639216
639229
639427
639468
639533
639718
639811
639882
639888
639934
639948
640450
640944
640949
641097
641282
641344
641730
642112
642263
642401
642691
642802
643022
643201
643215
643636
643649
643722
643819
644330
644358
644678
644867
644999
645067
645101
645164
645177
645343
645489
645517
645534
645585
645720
645748
645999
646241
646366
646466
646889
647197
647217
647282
647513
647650
647851
647859
647936
648240
648516
648534
648647
648681
648713
648854
648927
649089
649401
649548
649750
649960
650040
650267
650467
650492
650501
650683
650766
650924
650959
651061
651363
651382
651412
651587
651984
652069
652374
652640
652654
652714
652807
652953
653244
653400
653450
654178
654789
654931
654945
655011
655218
655889
655969
656012
656066
656086
656231
656320
656386
656397
656778
656826
657013
657064
657128
657268
657272
657292
657512
658068
658368
658384
658899
658903
658963
658985
659252
659391
659396
659675
659729
659892
660007
660013
660232
660489
661131
661457
661573
661938
662046
662422
662710
662759
662795
662916
663415
663426
663528
663535
663635
663720
663744
663769
663810
664063
664147
664239
664769
665034
665253
665403
665515
665704
665893
665909
665943
665944
666031
666323
666544
666645
666958
667214
667341
667347
667371
667373
668073
668135
668386
668431
668746
668774
668851
668910
668948
669003
669240
669286
669289
669363
669393
669630
669636
669778
669880
669991
670150
670398
670409
670454
670669
670671
670694
670701
670755
671015
671206
671210
671379
671614
671850
671928
672030
672069
672187
672302
672623
672652
672668
672752
672803
673357
673487
673598
673858
673902
674399
674505
674559
674596
675010
675338
675348
675394
675653
675719
676106
676164
676375
676618
676642
676667
676839
676996
677152
677156
677385
677640
677738
677823
677837
678343
678347
678379
678381
678544
678705
679283
679519
679533
679591
679671
680043
680176
680323
680579
680624
680625
680714
680915
681132
681254
681257
681335
682261
682350
682357
682762
682984
683325
683488
683565
684450
684548
684580
684827
684864
684960
685183
685246
685412
685619
685756
686014
686054
686423
686549
686597
686736
686951
686958
687014
687400
687402
687545
687596
687829
688195
688339
688548
688550
689046
689066
689082
689123
689431
689446
689500
689587
689602
689752
689809
690287
690385
690401
690460
690557
690682
691049
691557
691708
691997
692005
692106
692207
692271
692317
692394
692410
692480
692721
692943
692988
693069
693271
693726
693727
693760
693803
693851
693871
694090
694218
694478
694680
694717
694877
695011
695136
695191
695226
695256
695282
695351
695404
695644
695669
695776
695817
695962
696014
696291
696453
696691
696752
696840
696863
697186
697345
697474
697647
697722
697808
697872
697903
698103
698233
698283
698573
698814
699008
699080
699114
699373
699440
699821
699892
699992
700319
700390
700581
700684
700783
700898
700981
701146
701335
701849
702340
702459
702755
702927
702947
703324
703471
703514
703604
703670
703926
704105
704212
704311
704327
704468
704485
704787
704840
704914
705007
705614
705944
706205
706436
706490
706716
706904
706956
707175
707289
707526
707716
707906
708282
708303
708323
708713
708816
708823
709046
709082
709160
709195
709209
709736
709885
710337
710517
710596
710795
710827
710830
710869
711072
711103
711446
711493
711550
711552
711594
711945
712107
712223
712347
712767
713073
713562
714443
714664
714844
715166
715453
715486
715652
716032
716035
716044
716325
716432
716637
716661
716929
717035
717281
717363
717656
717901
718069
718260
718441
718449
718771
718793
718794
718883
719053
719499
719535
719544
719608
719812
719882
720323
720333
720397
720615
720640
720720
720918
721095
721099
721253
721255
721360
721610
721886
722185
722316
722346
722363
722791
722866
722886
722891
723012
723204
723249
723621
723624
723632
723633
723709
723803
723878
723941
724043
724128
724152
724551
724637
724671
724854
724863
725132
725382
725391
725685
726041
726090
726220
726721
726962
727004
727113
727182
727438
727489
727491
727669
727748
727932
728088
728131
728556
728910
728957
729425
729665
729694
729866
730062
730161
730192
730296
730315
730324
730341
730402
730451
730870
731024
731162
731172
731529
731550
731591
731823
732585
732749
732822
732851
733130
733366
733501
733628
733663
733706
733798
733807
734477
734530
735049
735065
735105
735161
735178
735391
735445
735643
736003
736540
736745
736793
736845
736907
737203
737288
737326
737393
737434
737502
737624
737693
737784
738118
738260
739018
739118
739165
739201
739252
740118
740373
740395
740461
740492
740955
741177
741242
741290
741385
741604
742255
742626
742753
742768
742819
742913
742922
742962
743253
743681
743781
744205
745226
745309
745369
745454
745654
745943
746177
746182
746489
746736
746762
746764
746865
746894
747023
747186
747226
747324
747374
747537
747608
747644
747673
747709
748098
748325
748341
748561
748754
748834
748928
749038
749183
749357
749408
749435
749576
749609
749789
750084
750208
751520
751541
751771
752059
752336
752370
752512
752696
752720
753020
753027
753036
753064
753108
753262
753398
753515
753700
754092
754255
754752
755030
755042
755175
755425
755629
755643
755716
755765
755999
756045
756123
756202
756280
756976
757234
757246
757269
757436
757700
757993
758151
758286
758345
758435
758465
758545
759035
759111
759301
759610
759719
759733
760232
760265
760276
760433
760514
761141
761262
761436
761498
761551
761658
761877
762431
762763
762805
762862
763105
763184
763208
763218
763280
763289
763294
763296
763524
763918
764164
764231
764590
764857
765115
765342
765395
765438
765481
765700
765735
765827
765957
766292
766397
767027
767344
767369
767419
767468
767655
768549
768704
768760
768769
768851
768854
768950
768969
769023
769210
769415
769464
769625
769934
769940
769973
770220
770275
770716
770753
770917
771138
771284
771325
771572
772004
772318
772377
772884
772929
773400
773826
774079
774142
774483
775083
775143
776001
776068
776498
776585
777160
777439
777790
778376
778398
778446
778521
778653
779022
779337
779635
779914
781020
781051
781377
782033
782085
782164
782380
782553
783353
783577
783652
784804
785307
786549
787098
787245
787945
787965
788312
801285
801295
801491
801606
