name: remm
channels:
  - conda-forge
  - defaults
dependencies:
  - blas=1.0=mkl
  - blosc=1.21.3=h6c2663c_0
  - brotli-python=1.1.0=py39ha51f57c_3
  - bzip2=1.0.8=h2bbff1b_6
  - c-blosc2=2.12.0=h2f4ed9d_0
  - ca-certificates=2025.7.14=h4c7d964_0
  - certifi=2025.7.14=pyhd8ed1ab_0
  - cffi=1.17.1=py39ha55e580_0
  - charset-normalizer=3.4.2=pyhd8ed1ab_0
  - expat=2.7.1=h8ddb27b_0
  - h2=4.2.0=pyhd8ed1ab_0
  - hdf5=1.12.1=h51c971a_3
  - hpack=4.1.0=pyhd8ed1ab_0
  - hyperframe=6.1.0=pyhd8ed1ab_0
  - icc_rt=2022.1.0=h6049295_2
  - idna=3.10=pyhd8ed1ab_1
  - intel-openmp=2023.1.0=h59b6b97_46320
  - joblib=1.5.1=pyhd8ed1ab_0
  - libblas=3.9.0=26_win64_mkl
  - libcblas=3.9.0=26_win64_mkl
  - libffi=3.4.4=hd77b12b_1
  - liblapack=3.9.0=26_win64_mkl
  - lz4-c=1.9.4=h2bbff1b_1
  - lzo=2.10=he774522_2
  - mkl=2023.1.0=h6b88ed4_46358
  - mkl-service=2.4.0=py39h827c3e9_2
  - mkl_fft=1.3.11=py39h827c3e9_0
  - mkl_random=1.2.8=py39hc64d2fc_0
  - numexpr=2.10.1=py39h4cd664f_0
  - numpy=1.26.4=py39h055cbcc_0
  - numpy-base=1.26.4=py39h65a83cf_0
  - openssl=3.5.1=h725018a_0
  - pandana=0.7=py39h2366fc2_3
  - pandas=2.3.1=py39h743b7ac_0
  - pip=25.1=pyhc872135_2
  - py-cpuinfo=9.0.0=py39haa95532_0
  - pycparser=2.22=pyh29332c3_1
  - pysocks=1.7.1=pyh09c184e_7
  - pytables=3.9.2=py39hcff0796_0
  - python=3.9.23=h716150d_0
  - python-dateutil=2.9.0.post0=pyhe01879c_2
  - python-tzdata=2025.2=pyhd8ed1ab_0
  - python_abi=3.9=2_cp39
  - pytz=2025.2=pyhd8ed1ab_0
  - requests=2.32.4=pyhd8ed1ab_0
  - scikit-learn=1.6.1=py39hdd013cc_0
  - scipy=1.13.1=py39h1a10956_0
  - setuptools=78.1.1=py39haa95532_0
  - six=1.17.0=pyhd8ed1ab_0
  - sqlite=3.45.3=h2bbff1b_0
  - tbb=2021.8.0=h59b6b97_0
  - threadpoolctl=3.6.0=pyhecae5ae_0
  - tk=8.6.14=h5e9d12e_1
  - tzdata=2025b=h04d1e81_0
  - ucrt=10.0.22621.0=haa95532_0
  - urllib3=2.5.0=pyhd8ed1ab_0
  - vc=14.3=h2df5915_10
  - vc14_runtime=14.44.35208=h4927774_10
  - vs2015_runtime=14.44.35208=ha6b5a95_10
  - wheel=0.45.1=py39haa95532_0
  - win_inet_pton=1.1.0=pyh7428d3b_8
  - xz=5.6.4=h4754444_1
  - zlib=1.2.13=h8cc25b3_1
  - zlib-ng=2.0.7=h2bbff1b_0
  - zstandard=0.23.0=py39ha55e580_2
  - zstd=1.5.6=h8880b57_0
  - pip:
    - affine==2.4.0
    - attrs==25.3.0
    - click==8.1.8
    - click-plugins==1.1.1.2
    - cligj==0.7.2
    - colorama==0.4.6
    - geopandas==1.0.1
    - importlib-metadata==8.7.0
    - orca-wfrc==0.0.5
    - packaging==25.0
    - patsy==1.0.1
    - prettytable==3.16.0
    - pyogrio==0.11.0
    - pyparsing==3.2.3
    - pyproj==3.6.1
    - pyyaml==6.0.2
    - rasterio==1.4.3
    - shapely==2.0.7
    - simpledbf==0.2.6
    - statsmodels==0.14.5
    - toolz==1.0.0
    - urbansim-wfrc==0.4.4
    - wcwidth==0.2.13
    - zbox==1.2.0
    - zipp==3.23.0
prefix: C:\Users\jreynolds\Anaconda3\envs\remm
